Sample	Cq	SQ	sample_rep	tech_rep	dyp	stasjon	innsjo	fylke	volum	SQ_vol	lat	lon	provetatt
594	37.0718120487316	8.67522329158212e-6	3	1	0	BT	Bretjørna	Svalbard	400	2.16880582289553e-8	77.95993	14.26745	2021-09-15
594	36.8772410598876	9.98348321974777e-6	3	2	0	BT	Bretjørna	Svalbard	400	2.4958708049369426e-8	77.95993	14.26745	2021-09-15
594	37.2515692440438	7.61944987878055e-6	3	3	0	BT	Bretjørna	Svalbard	400	1.9048624696951375e-8	77.95993	14.26745	2021-09-15
594	37.5172988212021	6.28945068219896e-6	3	4	0	BT	Bretjørna	Svalbard	400	1.57236267054974e-8	77.95993	14.26745	2021-09-15
594	36.8197839897356	1.04062892998617e-5	3	5	0	BT	Bretjørna	Svalbard	400	2.601572324965425e-8	77.95993	14.26745	2021-09-15
594	37.8846000069906	4.82455573607753e-6	3	6	0	BT	Bretjørna	Svalbard	400	1.2061389340193824e-8	77.95993	14.26745	2021-09-15
593	NaN	NA	2	1	0	BT	Bretjørna	Svalbard	260	NA	77.95993	14.26745	2021-09-15
593	38.6432611924425	2.14233237706121e-6	2	2	0	BT	Bretjørna	Svalbard	260	8.239739911773883e-9	77.95993	14.26745	2021-09-15
593	38.2097096998846	2.93800270243272e-6	2	3	0	BT	Bretjørna	Svalbard	260	1.1300010393972e-8	77.95993	14.26745	2021-09-15
593	NaN	NA	2	4	0	BT	Bretjørna	Svalbard	260	NA	77.95993	14.26745	2021-09-15
593	39.2791427135835	2.8034242387472e-6	2	5	0	BT	Bretjørna	Svalbard	260	1.0782400918258462e-8	77.95993	14.26745	2021-09-15
592	39.1232798440454	1.51015113083853e-6	1	1	0	BT	Bretjørna	Svalbard	260	5.808273580148192e-9	77.95993	14.26745	2021-09-15
592	NaN	NA	1	2	0	BT	Bretjørna	Svalbard	260	NA	77.95993	14.26745	2021-09-15
592	NaN	NA	1	3	0	BT	Bretjørna	Svalbard	260	NA	77.95993	14.26745	2021-09-15
592	39.2963317165759	2.76890115602971e-6	1	4	0	BT	Bretjørna	Svalbard	260	1.06496198308835e-8	77.95993	14.26745	2021-09-15
592	NaN	NA	1	5	0	BT	Bretjørna	Svalbard	260	NA	77.95993	14.26745	2021-09-15
591	34.2972290620481	6.42926422379974e-5	3	1	0	LS	Lovensjøen	Svalbard	260	2.472793932230669e-7	78.27182	13.77031	2021-09-15
591	34.1754884695107	7.0198703842298e-5	3	2	0	LS	Lovensjøen	Svalbard	260	2.699950147780692e-7	78.27182	13.77031	2021-09-15
591	34.0883142031709	7.47583591358853e-5	3	3	0	LS	Lovensjøen	Svalbard	260	2.875321505226358e-7	78.27182	13.77031	2021-09-15
591	33.7869490938103	9.29272377071211e-5	3	4	0	LS	Lovensjøen	Svalbard	260	3.5741245271969655e-7	78.27182	13.77031	2021-09-15
591	34.3556559819023	6.16372716194674e-5	3	5	0	LS	Lovensjøen	Svalbard	260	2.3706642930564385e-7	78.27182	13.77031	2021-09-15
591	33.9995204318586	7.97073133822789e-5	3	6	0	LS	Lovensjøen	Svalbard	260	3.065665899318419e-7	78.27182	13.77031	2021-09-15
590	36.0787177288597	1.38754528247582e-5	2	1	0	LS	Lovensjøen	Svalbard	380	3.651434953883737e-8	78.27182	13.77031	2021-09-15
590	35.5415982098583	2.05200755444562e-5	2	2	0	LS	Lovensjøen	Svalbard	380	5.400019880120052e-8	78.27182	13.77031	2021-09-15
590	35.46240615773	2.1738693011286e-5	2	3	0	LS	Lovensjøen	Svalbard	380	5.720708687180526e-8	78.27182	13.77031	2021-09-15
589	34.515923692025	4.33189459750281e-5	1	1	0	LS	Lovensjøen	Svalbard	460	9.4171621684843707e-008	78.27182	13.77031	2021-09-15
589	36.4957697209461	1.0240045198534e-5	1	2	0	LS	Lovensjøen	Svalbard	460	2.22609678229e-8	78.27182	13.77031	2021-09-15
589	35.9355109531478	1.54011932195918e-5	1	3	0	LS	Lovensjøen	Svalbard	460	3.348085482519956e-8	78.27182	13.77031	2021-09-15
588	23.6879676007752	0.136254707856136	3	1	0	TV	Torskevannet	Svalbard	550	2.477358324657018e-4	80.28408	22.59281	2021-09-10
588	23.5746817432605	0.147866103130229	3	2	0	TV	Torskevannet	Svalbard	550	2.6884746023678e-4	80.28408	22.59281	2021-09-10
588	23.7490085138698	0.130380942462795	3	3	0	TV	Torskevannet	Svalbard	550	2.3705625902326364e-4	80.28408	22.59281	2021-09-10
588	23.6007543024472	0.145109024079446	3	4	0	TV	Torskevannet	Svalbard	550	2.6383458923535637e-4	80.28408	22.59281	2021-09-10
588	23.7612958165235	0.12922954949143	3	5	0	TV	Torskevannet	Svalbard	550	2.3496281725714547e-4	80.28408	22.59281	2021-09-10
588	23.7798507597479	0.127510083155509	3	6	0	TV	Torskevannet	Svalbard	550	2.3183651482819816e-4	80.28408	22.59281	2021-09-10
587	26.0444706100056	0.02074165224851	2	1	0	TV	Torskevannet	Svalbard	550	3.771209499729091e-5	80.28408	22.59281	2021-09-10
587	26.0792593449146	0.0202226014896483	2	2	0	TV	Torskevannet	Svalbard	550	3.676836634481509e-5	80.28408	22.59281	2021-09-10
587	26.0700173546483	0.0203592121873143	2	3	0	TV	Torskevannet	Svalbard	550	3.701674943148055e-5	80.28408	22.59281	2021-09-10
586	22.232346731964	0.333356029748148	1	1	0	TV	Torskevannet	Svalbard	550	6.0610187226936e-4	80.28408	22.59281	2021-09-10
586	22.3892361260054	0.297352953877778	1	2	0	TV	Torskevannet	Svalbard	550	5.406417343232327e-4	80.28408	22.59281	2021-09-10
586	22.3636555079221	0.302946091548157	1	3	0	TV	Torskevannet	Svalbard	550	5.508110755421036e-4	80.28408	22.59281	2021-09-10
584	36.2278629649863	1.59541458237479e-5	3	1	0	6	GJE	Finnmark	200	7.97707291187395e-8	69.58291	30.94154	2021-08-18
584	38.118891826137	4.07382827386262e-6	3	2	0	6	GJE	Finnmark	200	2.0369141369313102e-8	69.58291	30.94154	2021-08-18
584	38.3948985017936	3.33787267412253e-6	3	3	0	6	GJE	Finnmark	200	1.668936337061265e-8	69.58291	30.94154	2021-08-18
584	39.9843252434584	1.05963550335002e-6	3	4	0	6	GJE	Finnmark	200	5.2981775167501e-9	69.58291	30.94154	2021-08-18
584	37.1857441395609	7.99026063217788e-6	3	5	0	6	GJE	Finnmark	200	3.9951303160889394e-8	69.58291	30.94154	2021-08-18
584	37.310819306701	7.3004171867988e-6	3	6	0	6	GJE	Finnmark	200	3.6502085933994004e-8	69.58291	30.94154	2021-08-18
583	NaN	NA	2	1	0	6	GJE	Finnmark	240	NA	69.58291	30.94154	2021-08-18
583	NaN	NA	2	2	0	6	GJE	Finnmark	240	NA	69.58291	30.94154	2021-08-18
583	38.3985404478036	2.56041670092287e-6	2	3	0	6	GJE	Finnmark	240	1.0668402920511958e-8	69.58291	30.94154	2021-08-18
583	39.1058489708761	3.17644981908078e-6	2	4	0	6	GJE	Finnmark	240	1.323520757950325e-8	69.58291	30.94154	2021-08-18
583	NaN	NA	2	5	0	6	GJE	Finnmark	240	NA	69.58291	30.94154	2021-08-18
583	39.2216581408257	2.92203593989532e-6	2	6	0	6	GJE	Finnmark	240	1.2175149749563833e-8	69.58291	30.94154	2021-08-18
582	36.7389377872015	8.57766940552511e-6	1	1	0	6	GJE	Finnmark	400	2.1444173513812775e-8	69.58291	30.94154	2021-08-18
582	NaN	NA	1	2	0	6	GJE	Finnmark	400	NA	69.58291	30.94154	2021-08-18
582	36.6098665653124	9.42332905307808e-6	1	3	0	6	GJE	Finnmark	400	2.3558322632695202e-8	69.58291	30.94154	2021-08-18
582	36.3911860144473	2.24813890429511e-5	1	4	0	6	GJE	Finnmark	400	5.620347260737775e-8	69.58291	30.94154	2021-08-18
582	38.5501255947068	4.74157523472142e-6	1	5	0	6	GJE	Finnmark	400	1.185393808680355e-8	69.58291	30.94154	2021-08-18
582	40.0688929888622	1.5865042386789e-6	1	6	0	6	GJE	Finnmark	400	3.96626059669725e-9	69.58291	30.94154	2021-08-18
581	35.588724304719	2.5307822464087e-5	3	1	0	5	GJE	Finnmark	120	2.1089852053405832e-7	69.61512	30.9522	2021-08-18
581	36.311906809552	1.50149652841855e-5	3	2	0	5	GJE	Finnmark	120	1.2512471070154584e-7	69.61512	30.9522	2021-08-18
581	35.1568205028836	3.45672017726733e-5	3	3	0	5	GJE	Finnmark	120	2.880600147722775e-7	69.61512	30.9522	2021-08-18
581	36.6213046814713	1.20094371222541e-5	3	4	0	5	GJE	Finnmark	120	1.0007864268545083e-7	69.61512	30.9522	2021-08-18
581	36.5407508967919	1.2728513347064e-5	3	5	0	5	GJE	Finnmark	120	1.0607094455886667e-7	69.61512	30.9522	2021-08-18
581	35.2402896789758	3.2545816277901e-5	3	6	0	5	GJE	Finnmark	120	2.71215135649175e-7	69.61512	30.9522	2021-08-18
580	36.8782203587239	7.75003429301269e-6	2	1	0	5	GJE	Finnmark	140	5.5357387807233494e-8	69.61512	30.9522	2021-08-18
580	35.3625544066746	2.33789035505495e-5	2	2	0	5	GJE	Finnmark	140	1.6699216821821071e-7	69.61512	30.9522	2021-08-18
580	38.5453324216504	2.30074865069151e-6	2	3	0	5	GJE	Finnmark	140	1.6433918933510786e-8	69.61512	30.9522	2021-08-18
580	NaN	NA	2	4	0	5	GJE	Finnmark	140	NA	69.61512	30.9522	2021-08-18
580	35.5635872485534	4.08244157224241e-5	2	5	0	5	GJE	Finnmark	140	2.916029694458864e-7	69.61512	30.9522	2021-08-18
580	35.855503669354	3.30772602893565e-5	2	6	0	5	GJE	Finnmark	140	2.3626614492397498e-7	69.61512	30.9522	2021-08-18
579	32.7438783700969	1.57510933952156e-4	1	1	0	5	GJE	Finnmark	260	6.058112844313693e-7	69.61512	30.9522	2021-08-18
579	32.9832195438242	1.32308843836015e-4	1	2	0	5	GJE	Finnmark	260	5.088801686000577e-7	69.61512	30.9522	2021-08-18
579	33.751790691348	7.55842513550552e-5	1	3	0	5	GJE	Finnmark	260	2.9070865905790465e-7	69.61512	30.9522	2021-08-18
579	34.0425142266203	1.2221463393191e-4	1	4	0	5	GJE	Finnmark	260	4.7005628435349997e-7	69.61512	30.9522	2021-08-18
579	33.5976707279918	1.68418823527601e-4	1	5	0	5	GJE	Finnmark	260	6.477647058753885e-7	69.61512	30.9522	2021-08-18
579	34.1924945714316	1.09690439285205e-4	1	6	0	5	GJE	Finnmark	260	4.218863049430962e-7	69.61512	30.9522	2021-08-18
578	NaN	NA	3	1	0	4	GJE	Finnmark	90	NA	69.72446	30.88735	2021-08-18
578	NaN	NA	3	2	0	4	GJE	Finnmark	90	NA	69.72446	30.88735	2021-08-18
578	NaN	NA	3	3	0	4	GJE	Finnmark	90	NA	69.72446	30.88735	2021-08-18
578	NaN	NA	3	4	0	4	GJE	Finnmark	90	NA	69.72446	30.88735	2021-08-18
578	39.6789616882987	1.32097120689381e-6	3	5	0	4	GJE	Finnmark	90	1.4677457854375667e-8	69.72446	30.88735	2021-08-18
578	NaN	NA	3	6	0	4	GJE	Finnmark	90	NA	69.72446	30.88735	2021-08-18
577	NaN	NA	2	1	0	4	GJE	Finnmark	110	NA	69.72446	30.88735	2021-08-18
577	36.2692902868942	1.20768746455188e-5	2	2	0	4	GJE	Finnmark	110	1.0978976950471636e-7	69.72446	30.88735	2021-08-18
577	36.3663101414896	1.12527790932925e-5	2	3	0	4	GJE	Finnmark	110	1.0229799175720454e-7	69.72446	30.88735	2021-08-18
577	39.1298009064113	3.12207514719192e-6	2	4	0	4	GJE	Finnmark	110	2.8382501338108365e-8	69.72446	30.88735	2021-08-18
577	39.023417220966	3.37092395762872e-6	2	5	0	4	GJE	Finnmark	110	3.0644763251170185e-8	69.72446	30.88735	2021-08-18
577	38.7088822555537	4.22883367249401e-6	2	6	0	4	GJE	Finnmark	110	3.8443942477218275e-8	69.72446	30.88735	2021-08-18
576	38.6472897026401	2.13605448855629e-6	1	1	0	4	GJE	Finnmark	520	4.1077970933774805e-9	69.72446	30.88735	2021-08-18
576	38.5093438145813	2.36186522530098e-6	1	2	0	4	GJE	Finnmark	520	4.542048510194193e-9	69.72446	30.88735	2021-08-18
576	35.5150941006962	2.09201224657118e-5	1	3	0	4	GJE	Finnmark	520	4.023100474175346e-8	69.72446	30.88735	2021-08-18
576	36.9286305997685	1.52603693829375e-5	1	4	0	4	GJE	Finnmark	520	2.934686419795673e-8	69.72446	30.88735	2021-08-18
576	36.5719865331979	1.97342131863442e-5	1	5	0	4	GJE	Finnmark	520	3.7950409973738846e-8	69.72446	30.88735	2021-08-18
576	NaN	NA	1	6	0	4	GJE	Finnmark	520	NA	69.72446	30.88735	2021-08-18
575	NaN	NA	3	1	0	3	GJE	Finnmark	350	NA	69.70322	30.89109	2021-08-18
575	38.1985697028087	3.84611531287789e-6	3	2	0	3	GJE	Finnmark	350	1.0988900893936829e-8	69.70322	30.89109	2021-08-18
575	37.2945150578245	7.38685115213026e-6	3	3	0	3	GJE	Finnmark	350	2.1105289006086457e-8	69.70322	30.89109	2021-08-18
575	35.9974162450935	1.88418117724994e-5	3	4	0	3	GJE	Finnmark	350	5.383374792142686e-8	69.70322	30.89109	2021-08-18
575	37.0818962534369	8.6122987431649e-6	3	5	0	3	GJE	Finnmark	350	2.4606567837614e-8	69.70322	30.89109	2021-08-18
575	36.683718645402	1.14803406854619e-5	3	6	0	3	GJE	Finnmark	350	3.2800973387034e-8	69.70322	30.89109	2021-08-18
574	37.0273729366006	6.95208878984685e-6	2	1	0	3	GJE	Finnmark	480	1.4483518312180937e-8	69.70322	30.89109	2021-08-18
574	38.6063033064684	2.20079425631073e-6	2	2	0	3	GJE	Finnmark	480	4.584988033980688e-9	69.70322	30.89109	2021-08-18
574	NaN	NA	2	3	0	3	GJE	Finnmark	480	NA	69.70322	30.89109	2021-08-18
574	37.1861035103591	1.26752883865271e-5	2	4	0	3	GJE	Finnmark	480	2.640685080526479e-8	69.70322	30.89109	2021-08-18
574	37.1458402345201	1.30485753203013e-5	2	5	0	3	GJE	Finnmark	480	2.7184531917294374e-8	69.70322	30.89109	2021-08-18
574	39.1222767130102	3.13905522208506e-6	2	6	0	3	GJE	Finnmark	480	6.539698379343875e-9	69.70322	30.89109	2021-08-18
573	NaN	NA	1	1	0	3	GJE	Finnmark	500	NA	69.70322	30.89109	2021-08-18
573	38.9450030485045	1.71958216971693e-6	1	2	0	3	GJE	Finnmark	500	3.43916433943386e-9	69.70322	30.89109	2021-08-18
573	37.2590786013101	5.87231265955413e-6	1	3	0	3	GJE	Finnmark	500	1.174462531910826e-8	69.70322	30.89109	2021-08-18
573	37.2285457382695	1.2293355355632e-5	1	4	0	3	GJE	Finnmark	500	2.4586710711264002e-8	69.70322	30.89109	2021-08-18
573	38.6695994521216	4.35029686694653e-6	1	5	0	3	GJE	Finnmark	500	8.70059373389306e-9	69.70322	30.89109	2021-08-18
573	NaN	NA	1	6	0	3	GJE	Finnmark	500	NA	69.70322	30.89109	2021-08-18
572	36.5215707636972	1.29059801166907e-5	3	1	0	2	GJE	Finnmark	440	2.933177299247886e-8	69.67527	30.93963	2021-08-18
572	36.5866707710991	1.23134852158996e-5	3	2	0	2	GJE	Finnmark	440	2.798519367249909e-8	69.67527	30.93963	2021-08-18
572	36.1187922746375	1.72611266398886e-5	3	3	0	2	GJE	Finnmark	440	3.922983327247409e-8	69.67527	30.93963	2021-08-18
572	36.2472907257156	1.57319519852951e-5	3	4	0	2	GJE	Finnmark	440	3.575443633021614e-8	69.67527	30.93963	2021-08-18
572	NaN	NA	3	5	0	2	GJE	Finnmark	440	NA	69.67527	30.93963	2021-08-18
572	36.7262494740917	1.11332154249307e-5	3	6	0	2	GJE	Finnmark	440	2.5302762329387954e-8	69.67527	30.93963	2021-08-18
571	38.8345517721309	1.86366169807396e-6	2	1	0	2	GJE	Finnmark	400	4.6591542451849e-9	69.67527	30.93963	2021-08-18
571	38.2831500877963	2.78495002207616e-6	2	2	0	2	GJE	Finnmark	400	6.9623750551904e-9	69.67527	30.93963	2021-08-18
571	NaN	NA	2	3	0	2	GJE	Finnmark	400	NA	69.67527	30.93963	2021-08-18
571	37.4823269870471	1.02380910973831e-5	2	4	0	2	GJE	Finnmark	400	2.559522774345775e-8	69.67527	30.93963	2021-08-18
571	38.5932217168331	4.59653442868363e-6	2	5	0	2	GJE	Finnmark	400	1.1491336071709074e-8	69.67527	30.93963	2021-08-18
571	37.0457381157332	1.40249759920488e-5	2	6	0	2	GJE	Finnmark	400	3.5062439980122e-8	69.67527	30.93963	2021-08-18
570	36.6022803157597	9.47555080943823e-6	1	1	0	2	GJE	Finnmark	420	2.2560835260567213e-8	69.67527	30.93963	2021-08-18
570	38.2221289609136	2.91154182540049e-6	1	2	0	2	GJE	Finnmark	420	6.932242441429738e-9	69.67527	30.93963	2021-08-18
570	35.1869962177388	2.65684707812528e-5	1	3	0	2	GJE	Finnmark	420	6.325826376488762e-8	69.67527	30.93963	2021-08-18
570	35.3568234970338	4.73861721884908e-5	1	4	0	2	GJE	Finnmark	420	1.1282421949640666e-7	69.67527	30.93963	2021-08-18
570	36.025035521282	2.92721143699958e-5	1	5	0	2	GJE	Finnmark	420	6.96955104047519e-8	69.67527	30.93963	2021-08-18
570	37.398767299265	1.08737431575116e-5	1	6	0	2	GJE	Finnmark	420	2.5889864660741906e-8	69.67527	30.93963	2021-08-18
569	37.0973417420993	8.51680401561793e-6	3	1	0	1	GJE	Finnmark	350	2.433372575890837e-8	69.64657	30.9377	2021-08-18
569	NaN	NA	3	2	0	1	GJE	Finnmark	350	NA	69.64657	30.9377	2021-08-18
569	NaN	NA	3	3	0	1	GJE	Finnmark	350	NA	69.64657	30.9377	2021-08-18
569	NaN	NA	3	4	0	1	GJE	Finnmark	350	NA	69.64657	30.9377	2021-08-18
569	38.38974296727	3.35031866599302e-6	3	5	0	1	GJE	Finnmark	350	9.572339045694344e-9	69.64657	30.9377	2021-08-18
569	NaN	NA	3	6	0	1	GJE	Finnmark	350	NA	69.64657	30.9377	2021-08-18
568	NaN	NA	2	1	0	1	GJE	Finnmark	370	NA	69.64657	30.9377	2021-08-18
568	NaN	NA	2	2	0	1	GJE	Finnmark	370	NA	69.64657	30.9377	2021-08-18
568	37.745233960642	4.12098680292098e-6	2	3	0	1	GJE	Finnmark	370	1.1137802170056702e-8	69.64657	30.9377	2021-08-18
568	39.116949715074	3.15113262567663e-6	2	4	0	1	GJE	Finnmark	370	8.516574663990892e-9	69.64657	30.9377	2021-08-18
568	NaN	NA	2	5	0	1	GJE	Finnmark	370	NA	69.64657	30.9377	2021-08-18
568	NaN	NA	2	6	0	1	GJE	Finnmark	370	NA	69.64657	30.9377	2021-08-18
567	NaN	NA	1	1	0	1	GJE	Finnmark	440	NA	69.64657	30.9377	2021-08-18
567	NaN	NA	1	2	0	1	GJE	Finnmark	440	NA	69.64657	30.9377	2021-08-18
567	NaN	NA	1	3	0	1	GJE	Finnmark	440	NA	69.64657	30.9377	2021-08-18
567	NaN	NA	1	4	0	1	GJE	Finnmark	440	NA	69.64657	30.9377	2021-08-18
567	NaN	NA	1	5	0	1	GJE	Finnmark	440	NA	69.64657	30.9377	2021-08-18
567	40.0905116337679	1.5619713897937e-6	1	6	0	1	GJE	Finnmark	440	3.5499349768038637e-9	69.64657	30.9377	2021-08-18
