Sample	Cq	SQ	sample_rep	tech_rep	dyp	stasjon	innsjo	fylke	volum	SQ_vol	lat	lon	provetatt
594	NaN	NA	3	1	0	BT	Bretjørna	Svalbard	400	NA	77.95993	14.26745	2021-09-15
594	NaN	NA	3	2	0	BT	Bretjørna	Svalbard	400	NA	77.95993	14.26745	2021-09-15
594	NaN	NA	3	3	0	BT	Bretjørna	Svalbard	400	NA	77.95993	14.26745	2021-09-15
593	NaN	NA	2	1	0	BT	Bretjørna	Svalbard	260	NA	77.95993	14.26745	2021-09-15
593	NaN	NA	2	2	0	BT	Bretjørna	Svalbard	260	NA	77.95993	14.26745	2021-09-15
593	NaN	NA	2	3	0	BT	Bretjørna	Svalbard	260	NA	77.95993	14.26745	2021-09-15
592	NaN	NA	1	1	0	BT	Bretjørna	Svalbard	260	NA	77.95993	14.26745	2021-09-15
592	NaN	NA	1	2	0	BT	Bretjørna	Svalbard	260	NA	77.95993	14.26745	2021-09-15
592	NaN	NA	1	3	0	BT	Bretjørna	Svalbard	260	NA	77.95993	14.26745	2021-09-15
592	NaN	NA	1	4	0	BT	Bretjørna	Svalbard	260	NA	77.95993	14.26745	2021-09-15
592	NaN	NA	1	5	0	BT	Bretjørna	Svalbard	260	NA	77.95993	14.26745	2021-09-15
591	NaN	NA	3	1	0	LS	Lovensjøen	Svalbard	260	NA	78.27182	13.77031	2021-09-15
591	37.09208708	2.65e-5	3	2	0	LS	Lovensjøen	Svalbard	260	1.0192307692307692e-7	78.27182	13.77031	2021-09-15
591	39.21443378	6.06e-6	3	3	0	LS	Lovensjøen	Svalbard	260	2.3307692307692305e-8	78.27182	13.77031	2021-09-15
590	37.6490973	3.74e-5	2	1	0	LS	Lovensjøen	Svalbard	380	9.842105263157896e-8	78.27182	13.77031	2021-09-15
590	NaN	NA	2	2	0	LS	Lovensjøen	Svalbard	380	NA	78.27182	13.77031	2021-09-15
590	NaN	NA	2	3	0	LS	Lovensjøen	Svalbard	380	NA	78.27182	13.77031	2021-09-15
589	NaN	NA	1	1	0	LS	Lovensjøen	Svalbard	460	NA	78.27182	13.77031	2021-09-15
589	NaN	NA	1	2	0	LS	Lovensjøen	Svalbard	460	NA	78.27182	13.77031	2021-09-15
589	NaN	NA	1	3	0	LS	Lovensjøen	Svalbard	460	NA	78.27182	13.77031	2021-09-15
589	NaN	NA	1	4	0	LS	Lovensjøen	Svalbard	460	NA	78.27182	13.77031	2021-09-15
589	NaN	NA	1	5	0	LS	Lovensjøen	Svalbard	460	NA	78.27182	13.77031	2021-09-15
588	37.11516482	2.61e-5	3	1	0	TV	Torskevannet	Svalbard	550	4.7454545454545455e-8	80.28408	22.59281	2021-09-10
588	40.2963611	2.85e-6	3	2	0	TV	Torskevannet	Svalbard	550	5.181818181818182e-9	80.28408	22.59281	2021-09-10
588	37.19757612	2.46e-5	3	3	0	TV	Torskevannet	Svalbard	550	4.472727272727273e-8	80.28408	22.59281	2021-09-10
587	NaN	NA	2	1	0	TV	Torskevannet	Svalbard	550	NA	80.28408	22.59281	2021-09-10
587	36.8720721	5.95e-5	2	2	0	TV	Torskevannet	Svalbard	550	1.0818181818181819e-7	80.28408	22.59281	2021-09-10
587	NaN	NA	2	3	0	TV	Torskevannet	Svalbard	550	NA	80.28408	22.59281	2021-09-10
586	36.29245292	8.43e-5	1	1	0	TV	Torskevannet	Svalbard	550	1.5327272727272729e-7	80.28408	22.59281	2021-09-10
586	36.19099735	8.96e-5	1	2	0	TV	Torskevannet	Svalbard	550	1.629090909090909e-7	80.28408	22.59281	2021-09-10
586	34.4944041	2.48114e-4	1	3	0	TV	Torskevannet	Svalbard	550	4.5111636363636365e-007	80.28408	22.59281	2021-09-10
586	NaN	NA	1	4	0	TV	Torskevannet	Svalbard	550	NA	80.28408	22.59281	2021-09-10
586	37.07641296	2.68e-5	1	5	0	TV	Torskevannet	Svalbard	550	4.872727272727273e-8	80.28408	22.59281	2021-09-10
584	37.64429594	1.81e-5	3	1	0	6	GJE	Finnmark	200	9.05e-8	69.58291	30.94154	2021-08-18
584	36.50733643	3.98e-5	3	2	0	6	GJE	Finnmark	200	1.99e-7	69.58291	30.94154	2021-08-18
584	35.9992992	5.67e-5	3	3	0	6	GJE	Finnmark	200	2.835e-7	69.58291	30.94154	2021-08-18
583	35.82178549	1.11849e-4	2	1	0	6	GJE	Finnmark	240	4.6603750000000005e-7	69.58291	30.94154	2021-08-18
583	36.48024237	7.53e-5	2	2	0	6	GJE	Finnmark	240	3.1375e-7	69.58291	30.94154	2021-08-18
583	34.67777722	2.22254e-4	2	3	0	6	GJE	Finnmark	240	9.260583333333333e-7	69.58291	30.94154	2021-08-18
582	35.02821875	1.80093e-4	1	1	0	6	GJE	Finnmark	400	4.5023250000000004e-7	69.58291	30.94154	2021-08-18
582	35.71788206	1.19047e-4	1	2	0	6	GJE	Finnmark	400	2.976175e-7	69.58291	30.94154	2021-08-18
582	33.95798409	3.42361e-4	1	3	0	6	GJE	Finnmark	400	8.559025e-7	69.58291	30.94154	2021-08-18
582	35.37493957	8.76e-5	1	4	0	6	GJE	Finnmark	400	2.1900000000000002e-7	69.58291	30.94154	2021-08-18
582	35.13640861	1.03372e-4	1	5	0	6	GJE	Finnmark	400	2.5843e-7	69.58291	30.94154	2021-08-18
581	36.08992903	5.33e-5	3	1	0	5	GJE	Finnmark	120	4.4416666666666667e-7	69.61512	30.9522	2021-08-18
581	36.67639023	3.54e-5	3	2	0	5	GJE	Finnmark	120	2.95e-7	69.61512	30.9522	2021-08-18
581	36.79636771	3.26e-5	3	3	0	5	GJE	Finnmark	120	2.716666666666667e-7	69.61512	30.9522	2021-08-18
580	35.09230711	1.73297e-4	2	1	0	5	GJE	Finnmark	140	1.2378357142857142e-6	69.61512	30.9522	2021-08-18
580	34.97706667	1.85709e-4	2	2	0	5	GJE	Finnmark	140	1.3264928571428571e-6	69.61512	30.9522	2021-08-18
580	35.21307528	1.6118e-4	2	3	0	5	GJE	Finnmark	140	1.1512857142857143e-6	69.61512	30.9522	2021-08-18
579	35.04603025	1.78178e-4	1	1	0	5	GJE	Finnmark	260	6.853e-7	69.61512	30.9522	2021-08-18
579	34.19182383	2.97528e-4	1	2	0	5	GJE	Finnmark	260	1.1443384615384615e-6	69.61512	30.9522	2021-08-18
579	35.96446236	1.02669e-4	1	3	0	5	GJE	Finnmark	260	3.9488076923076924e-7	69.61512	30.9522	2021-08-18
579	35.80812497	6.48e-5	1	4	0	5	GJE	Finnmark	260	2.4923076923076926e-7	69.61512	30.9522	2021-08-18
579	34.90161087	1.21714e-4	1	5	0	5	GJE	Finnmark	260	4.681307692307692e-7	69.61512	30.9522	2021-08-18
578	36.20099443	4.93e-5	3	1	0	4	GJE	Finnmark	90	5.477777777777778e-7	69.72446	30.88735	2021-08-18
578	35.56049863	7.7e-5	3	2	0	4	GJE	Finnmark	90	8.555555555555556e-7	69.72446	30.88735	2021-08-18
578	36.00929807	5.63e-5	3	3	0	4	GJE	Finnmark	90	6.255555555555556e-7	69.72446	30.88735	2021-08-18
577	34.50710602	2.4623e-4	2	1	0	4	GJE	Finnmark	110	2.2384545454545454e-6	69.72446	30.88735	2021-08-18
577	34.73483528	2.14771e-4	2	2	0	4	GJE	Finnmark	110	1.9524636363636365e-6	69.72446	30.88735	2021-08-18
577	34.57189099	2.36839e-4	2	3	0	4	GJE	Finnmark	110	2.1530818181818183e-6	69.72446	30.88735	2021-08-18
576	31.951869	0.001141391	1	1	0	4	GJE	Finnmark	520	2.1949826923076924e-6	69.72446	30.88735	2021-08-18
576	31.64711204	0.001370497	1	2	0	4	GJE	Finnmark	520	2.635571153846154e-6	69.72446	30.88735	2021-08-18
576	31.48266918	0.001512671	1	3	0	4	GJE	Finnmark	520	2.9089826923076923e-6	69.72446	30.88735	2021-08-18
576	32.60028898	6.03397e-4	1	4	0	4	GJE	Finnmark	520	1.160378846153846e-6	69.72446	30.88735	2021-08-18
576	32.77232404	5.35339e-4	1	5	0	4	GJE	Finnmark	520	1.0294980769230769e-6	69.72446	30.88735	2021-08-18
575	34.32586636	1.81669e-4	3	1	0	3	GJE	Finnmark	350	5.190542857142857e-7	69.70322	30.89109	2021-08-18
575	34.44848205	1.66815e-4	3	2	0	3	GJE	Finnmark	350	4.7661428571428574e-7	69.70322	30.89109	2021-08-18
575	34.57658621	1.52593e-4	3	3	0	3	GJE	Finnmark	350	4.3597999999999996e-7	69.70322	30.89109	2021-08-18
574	32.48987595	8.26396e-4	2	1	0	3	GJE	Finnmark	480	1.7216583333333332e-6	69.70322	30.89109	2021-08-18
574	33.43226842	4.69383e-4	2	2	0	3	GJE	Finnmark	480	9.7788125e-7	69.70322	30.89109	2021-08-18
574	33.07940729	5.8011e-4	2	3	0	3	GJE	Finnmark	480	1.2085625e-6	69.70322	30.89109	2021-08-18
573	32.62896683	7.60204e-4	1	1	0	3	GJE	Finnmark	500	1.520408e-6	69.70322	30.89109	2021-08-18
573	34.05586007	3.22827e-4	1	2	0	3	GJE	Finnmark	500	6.456539999999999e-7	69.70322	30.89109	2021-08-18
573	33.4515497	4.63982e-4	1	3	0	3	GJE	Finnmark	500	9.27964e-7	69.70322	30.89109	2021-08-18
573	33.9972836	2.28323e-4	1	4	0	3	GJE	Finnmark	500	4.56646e-7	69.70322	30.89109	2021-08-18
573	33.70442508	2.79916e-4	1	5	0	3	GJE	Finnmark	500	5.598320000000001e-7	69.70322	30.89109	2021-08-18
572	34.71157655	1.38916e-4	3	1	0	2	GJE	Finnmark	440	3.1571818181818183e-7	69.67527	30.93963	2021-08-18
572	34.36258222	1.77088e-4	3	2	0	2	GJE	Finnmark	440	4.0247272727272727e-7	69.67527	30.93963	2021-08-18
572	34.57676588	1.52574e-4	3	3	0	2	GJE	Finnmark	440	3.467590909090909e-7	69.67527	30.93963	2021-08-18
571	34.16107172	3.03071e-4	2	1	0	2	GJE	Finnmark	400	7.576775000000001e-7	69.67527	30.93963	2021-08-18
571	33.72838292	3.92949e-4	2	2	0	2	GJE	Finnmark	400	9.823725e-7	69.67527	30.93963	2021-08-18
571	33.88037835	3.58686e-4	2	3	0	2	GJE	Finnmark	400	8.96715e-7	69.67527	30.93963	2021-08-18
570	34.11558168	3.1146e-4	1	1	0	2	GJE	Finnmark	420	7.415714285714286e-7	69.67527	30.93963	2021-08-18
570	33.92503558	3.49199e-4	1	2	0	2	GJE	Finnmark	420	8.314261904761905e-7	69.67527	30.93963	2021-08-18
570	34.02622699	3.28621e-4	1	3	0	2	GJE	Finnmark	420	7.824309523809524e-7	69.67527	30.93963	2021-08-18
570	35.21327406	9.8e-5	1	4	0	2	GJE	Finnmark	420	2.3333333333333333e-7	69.67527	30.93963	2021-08-18
570	34.7389761	1.36293e-4	1	5	0	2	GJE	Finnmark	420	3.2450714285714286e-7	69.67527	30.93963	2021-08-18
569	37.07736798	2.68e-5	3	1	0	1	GJE	Finnmark	350	7.657142857142858e-8	69.64657	30.9377	2021-08-18
569	37.08459567	2.67e-5	3	2	0	1	GJE	Finnmark	350	7.628571428571428e-8	69.64657	30.9377	2021-08-18
569	36.07688195	5.37e-5	3	3	0	1	GJE	Finnmark	350	1.5342857142857143e-7	69.64657	30.9377	2021-08-18
568	34.04006871	3.25902e-4	2	1	0	1	GJE	Finnmark	370	8.808162162162161e-7	69.64657	30.9377	2021-08-18
568	35.02679864	1.80247e-4	2	2	0	1	GJE	Finnmark	370	4.87154054054054e-7	69.64657	30.9377	2021-08-18
568	34.83560673	2.02166e-4	2	3	0	1	GJE	Finnmark	370	5.463945945945945e-7	69.64657	30.9377	2021-08-18
567	34.96062	1.87551e-4	1	1	0	1	GJE	Finnmark	440	4.2625227272727274e-7	69.64657	30.9377	2021-08-18
567	35.06866305	1.75774e-4	1	2	0	1	GJE	Finnmark	440	3.994863636363636e-7	69.64657	30.9377	2021-08-18
567	34.2537664	2.86669e-4	1	3	0	1	GJE	Finnmark	440	6.515204545454545e-7	69.64657	30.9377	2021-08-18
567	36.24263127	4.79e-5	1	4	0	1	GJE	Finnmark	440	1.0886363636363636e-7	69.64657	30.9377	2021-08-18
567	35.60588705	7.46e-5	1	5	0	1	GJE	Finnmark	440	1.6954545454545455e-7	69.64657	30.9377	2021-08-18
